H	1.0000000	1.0000e0	0.0000e0	1.0000e0	  0.0000	1.6667	      
HP	1.0000000	1.0000e0	0.0000e0	0.0000e0	-13.5984	1.6667
HE     	4.0000000	2.0000e0	2.0000e0	2.0000e0	  0.0000	1.6667
HEP    	4.0000000	2.0000e0	2.0000e0	1.0000e0	-24.5874	1.6667
HEPP    4.0000000       2.0000e0        2.0000e0        0.0000e0        -54.4000	1.6667
C	12.000000	6.0000e0	6.0000e0	6.0000e0	  0.0000	1.6667
CP	12.000000	6.0000e0	6.0000e0	5.0000e0	-11.3000	1.6667
C2P	12.000000	6.0000e0	6.0000e0	4.0000e0	-24.4000	1.6667
C3P	12.000000	6.0000e0	6.0000e0	3.0000e0	-47.9000	1.6667
C4P	12.000000	6.0000e0	6.0000e0	2.0000e0	-64.5000	1.6667
O	16.000000	8.0000e0	8.0000e0	8.0000e0	  0.0000	1.6667	
OP	16.000000	8.0000e0	8.0000e0	7.0000e0	-13.6000	1.6667
O2P	16.000000	8.0000e0	8.0000e0	6.0000e0	-35.1000	1.6667
O3P	16.000000	8.0000e0	8.0000e0	5.0000e0	-54.9000	1.6667
O4P	16.000000	8.0000e0	8.0000e0	4.0000e0	-77.4000	1.6667
O5P	16.000000	8.0000e0	8.0000e0	3.0000e0	-113.900	1.6667
O6P	16.000000	8.0000e0	8.0000e0	2.0000e0	-138.100	1.6667
O7P	16.000000	8.0000e0	8.0000e0	1.0000e0	-739.300	1.6667
NA	22.000000	11.000e0	11.000e0	11.000e0	  0.0000	1.6667
NAP	22.000000	11.000e0	11.000e0	10.000e0	 -5.1000	1.6667
MG	24.000000	12.000e0	12.000e0	12.000e0	  0.0000	1.6667
MGP	24.000000	12.000e0	12.000e0	11.000e0	 -7.6000	1.6667
MG2P	24.000000	12.000e0	12.000e0	10.000e0	-15.2000	1.6667
ELEC  	 0.000549	0.0000e0	0.0000e0	1.0000e0	 0.0000e0	1.6667
 
